$ANSIBLE_VAULT;1.1;AES256
61616537616233303731356239356366616364636265326261386661303938326333323332373163
6166356366633561386161663532316561393239633832300a623333363861303432626336346562
36303238613532393931643434396564356235653639626462646435303062303439343964306664
3939313436626636360a343437336436626136333461363438323731313637373737353661373637
61333138656632666566633833386163393530363135306135346535623562633438633537633533
63343136393333356138663335663333393635336362616238613566636338303665613466343264
39656463346131643730336634663761633637353261363137306533333032396530323139383234
62306438623239343062636262616233333265646362626330613638616132386230633137346438
35613837363131363332393962386665643438623634313661313261393665623439366263666535
35336539663563396535346630303731326265316661613533333361633839363031663266306230
38356665383563326338663164363561656434633263643562323937396339346436646338663133
31616639663433396133346334356132366566616163376263666566623966393032343238643163
30626663623136353737653932313963653033326333666135613766386265396539653737306339
34313732616432653639373361316462663065643435623465333134376439396664313632653566
61646230366236393637346334393631323331653836343032393738373962356537393732353161
35653334303361393132326133613231336631326434633130613538613832386431326263613362
66643863363862656636323261303437386339306530396436356438616430393663636263636634
33326137366361613031663532393031623037356434376632633264643464616164356331626666
66663062343838643263656462356339623336323531333562326133316265366634366164363762
39303834393361383934306133643062613630343863353938333465653761366561623165353936
31393163633531663731313035643135336335616264353532656164336438336133643739663335
62633964343565663333303065383263656132356665343939356335363262653434313330373535
66346336396465383831376165323730366136333162323437643732646161366335613766613938
36646665306331663166383236303964663439373963313131643964343463346136633466303366
33373035353136303837313363663831363637653466623936656364353737373161366231316338
37383062303966623062366430623438346137663133353135636463666261333132376465383365
32643164396137316631363734323431666536313764306662633139643834643863333663323461
37323633343362333564313864336334373935623030663364303636353435663663643935623933
61616164633735386666623033343163333162663864663936633833613765303339376262643937
63313165626562363461363839303266396464633232656532393032373164303631363836383066
39616465666634653035633665646539323963323737643164633333623532353034633362663362
65376162386562356130666465663561343663373136393237633964633466643766336135393461
36326261306537623166626335343937336638336666613761666564323565376432366631373434
65393332393861363536333633613131653133363861656561383230663937616566356163343632
34326232346562623463363662386534623834626632303863313561636564616265333466346238
32613738383431626164613766376537623434643165666536393439633066336535613731626462
6566
