$ANSIBLE_VAULT;1.1;AES256
66326436333461626163393762323065636330306363326635326334326562663234366233303462
6135343031383738663266643361643164366631666534300a343965316131663063343830623733
32303964303636333030376363336462623362613933623865666564396362613932656138653661
3464623331623632620a353835623938633263653565343563396138653834623035306234353531
32646638383662376238626531326438623961613239393238653636636363656466313837326231
34353133393832636133343935376137623434346465316335626431663031323730373234316536
37643733353035653339313634636165633065363464323364626137323638383365336361613365
39393133323633633532356561633530376233313033336531616434323163643433376133343364
64393964356266393237353234336634313230636466333032623936623230653038383832656637
62613363336634383632363731303562653132363230336261396339636161373661343136396536
38636365633731613366646464386130343162366637336430346137363730376361343661386261
61356337343831616331613064373761616466373436363266343038373265333430643163323563
62383062613963653938663236303832656265303364323635346437643463396666616261356264
30333838643739343664316335376631663135313564363139323061336531336637333833346361
38666133656638616336613733663238613064363131363232666238303361623039653738653165
65313230323861353961613739393932636539323262643836396436613331383832386563633434
61623637323236383637633265613832316162653166666461663034313030323961623739353164
65626461333661343635313436323962343239626431653233303338353536356161343134366164
38656537346538323935663833626436643833393731613534316339663335656433636431626337
30626133303533336635346365616531303530353465643135343639363239393864313633633938
3335
