$ANSIBLE_VAULT;1.1;AES256
35336236303266613165623663633334613563653862346632616366316238353461663635666435
6665643965363436326231623839353132666534623262370a636463633638383539666264316132
30643533326565356365656438366430623139383566656232656537366538316438336165306536
3631373934646536340a663731373464656333656164386563346131653033376531656366323461
31346638653538643435323763323031613738316437376339636436333637356238366539313130
30633162333839633339333235663636663236316164323463623230373132306134376238396632
64386666633365383336333439613861373365393534643834373266306330663463343933316134
66626665343965313237343834343363383239623035363138316338656230313166393736353261
66653765353366376332636663386135353833393338643961326535613764333233383665653139
62396662363934376334376435383337383865333932343233356163633862353966363331616134
66626562396435373935306639643737613264306432306633653461653562616230383031303164
62626562303466613535386630623465313161636134663735323936366533626164633262303239
34356364663631363536653162633063363065313265666530353062623234313530316530613137
38366430643739613137656633343261353063316363373736663731383837656464316434323263
33313339323261636138653530343735613233613965346666636465343066653639626634393234
39306362373234626136373264333433346162366531643762346466373938383266616433383134
34663864356263326534343837626334396563396637333538663031306234646636663265316138
38303030656465623861323862646130366637376431326238356437373339366664636263346331
33313663396138636563363430373932393137616632633536376436323933333439653463636662
64623563636666363465646431383934373261356166363334616333393061333362303037353266
32336638396131656366646436373461363039313930366635623734653437353733386464313766
63316437386366616638333364656636666638373634623731383361663564643739303434356162
63336531616531666235643731343336383336323631366261666462343731383533303266306631
61346661623332366265393363616536656633396631343734386637366630353237363430646463
38313833346434313038656561633635333739323733343962653036363832373963356133383938
36366330383030646462343437333564303732396334383432353565336362633962643666323438
34393166663562363761363033303034646434363739333761613661636136306238313832316430
65356337666263623436653737623531373566373864663137663331326234613535383431613031
61643130363762643238306566646333663664316465306431626166623666326434636532643835
62336330636436323330323533323066653536313835333033343637613839656539323034386238
35303266373231393733333737353663313439393363386666626639633333656364393163306261
37383462633139346537336565376634306132323339376166333834323831333666643535343863
3865
