$ANSIBLE_VAULT;1.1;AES256
37343332613338363639326536326535346135356232376365616465333434346462613539373134
6635373733396334613066613738333061666333386439340a643834386237646537353161623933
64616563653735326433653436323539393531313033653532313761666266363935356532613231
6462613739666530630a393331663933663963353361663930313733616364316464633332326237
38623738633565383734366338666365613733373731343431356535313538346165373563376363
65323166656339326235623630613662393637313935383666613532646331343436623238343362
31353764326332623463633932633866633330333165653437646637636337663835346462383264
61336133323736623338653963346466343832313935366637396136336631653436353964363763
30656366303533386466383835306135613532336236356363633032373330343065393535623634
36656266383363303234653562646539323336353938373261633232633239356563333735663636
63333239613030393639363132313432623435346537376265306234623336646161383036313665
39343764643235303961666634633534313135393334333962323031303535663966643562333532
37636239343130306561623531363265333536613332383739353633643935356536303038613663
31666538396130303461313062653063303165613262336634646638316234323735373666313763
39613634663430386230316334663166393966383638616130313439343338386463393265643862
34653033303239396136366263653566306364396636343330306530393037363930306532326261
63343433646636346438386431313764666637626436313964316133663336356361616331333430
65613531636464623161663265376562323561653637383635663930343731616336306566353137
32313032383033373062633539373032386434643064333835383334326432626531363536633763
36646431313535623466333564636336303061363836313035376639646537303666373034656266
30333066393934643864616161373437373732393137633466303531653433313466376466366538
38623539323932366139373231363031313663313634663032646334653938646335373664616465
66336133666563613333383865633866393039613335323363363339366138616438373134396138
39326438663730343163316234666161636532643936626335626535633434656336363530343665
37383764363735613361623939343262326365356665386636646238313330303763666564343337
34346335663361636639613235383762636433633161363761666334336563366431366464626463
32333765633665333862353263383131313261313934386633393965613532343536646630633931
66653937353966323663336263363864303765346635373063633864666432366134343361623530
38346238383862663663383937353334656134366461616462643933623965363636353834363062
36323661613331633066646638313234353136383232373165393037386666666237366535386261
33383138383163336664373330393438363735303537643534313330333734616362323735636531
30363263353964616564653534316137653366623734323466633539316335323038656431653134
6261
